{
  "shapes": [
    {
      "geom": "\nCASCADE Topology V3, (c) Open Cascade\nLocations 1\n1\n              1               0               0               0 \n              0               1               0               0 \n              0               0               1 15.0000005960464 \nCurve2ds 108\n1 3.1415926535897931 0 0 -1 \n1 0 0 0 -1 \n1 0 0 1 0 \n1 0 -14.000000596046448 1 0 \n1 0 0 1 0 \n1 0 -1 1 0 \n1 0 0 0 -1 \n1 3.1415926535897931 0 0 -1 \n1 0 0 1 0 \n1 0 -14.000000596046448 1 0 \n1 0 0 1 0 \n1 0 -1 1 0 \n8 0 1.4142135623730951\n1 0 0 0 1 \n8 0 1.4142135623730951\n1 3.1415926535897931 0 0 1 \n1 0 1.4142135623730951 1 0 \n2 1.5543122344752192e-15 -8.8817841970012523e-16 0 -1 1 0 11.000000149011612\n8 0 1.4142135623730951\n1 3.1415926535897931 0 0 1 \n8 0 1.4142135623730951\n1 0 0 0 1 \n8 -1.4142135623730951 0\n1 0 0 0 1 \n8 -1.4142135623730951 0\n1 3.1415926535897931 0 0 1 \n1 0 -1.4142135623730951 1 0 \n2 1.5543122344752192e-15 -8.8817841970012523e-16 0 -1 1 0 11.000000149011612\n8 -1.4142135623730951 0\n1 3.1415926535897931 0 0 1 \n8 -1.4142135623730951 0\n1 0 0 0 1 \n1 0 1.4142135623730951 1 0 \n2 1.5543122344752192e-15 -2.6645352591003757e-15 0 1 -1 0 11.000000149011612\n1 0 -1.4142135623730951 1 0 \n2 1.5543122344752192e-15 -2.6645352591003757e-15 0 1 -1 0 11.000000149011612\n1 0 0.70710678118654613 1 0 \n1 19.000000298023224 -20.000000298023224 0 1 \n1 0 0.70710678118654791 1 0 \n1 -20.000000298023224 -19.00000029802322 1 -8.8817840646523565e-17 \n1 0 0.70710678118654613 1 0 \n1 20.000000298023224 19.00000029802322 -1 8.8817840646523565e-17 \n1 0 0.70710678118654613 1 0 \n1 -19.000000298023224 20.000000298023224 0 -1 \n1 0 0.70710678118654613 1 0 \n1 19.000000298023224 -20.000000298023224 0 1 \n1 0 0.70710678118654791 1 0 \n1 -20.000000298023224 -19.00000029802322 1 -8.8817840646523565e-17 \n1 0 0.70710678118654613 1 0 \n1 20.000000298023224 19.00000029802322 -1 8.8817840646523565e-17 \n1 0 0.70710678118654613 1 0 \n1 -19.000000298023224 20.000000298023224 0 -1 \n1 0.99999999999999645 0.35355339059327284 -2.2114070893411015e-15 -1 \n1 0 -0.70710678118654968 1 0 \n1 0 -1 1 0 \n1 39.000000596046448 0.35355339059326374 -4.8074067159589123e-16 -1 \n1 1 0.35355339059327417 1.5895183173068109e-16 -1 \n1 0 -0.70710678118654791 1 0 \n1 0 -1 1 0 \n1 39.000000596046441 0.35355339059332669 2.6588033240293168e-15 -1 \n1 1 0.35355339059327384 -3.2178883986520952e-16 -1 \n1 0 -0.70710678118654791 1 0 \n1 0 -1 1 0 \n1 39.000000596046441 0.35355339059328628 6.39692503326572e-16 -1 \n1 1.0000000000000036 0.35355339059327356 -1.9229626863835648e-16 -1 \n1 0 -0.70710678118654968 1 0 \n1 0 -1 1 0 \n1 39.000000596046448 0.35355339059325425 -9.6148134319178225e-16 -1 \n1 1.0000000000000036 0.35355339059327251 -2.5959996266178173e-15 -1 \n1 0 -0.70710678118654968 1 0 \n1 0 -14.000000596046448 1 0 \n1 39.000000596046419 0.35355339059327379 0 -1 \n1 1 0.35355339059327384 6.2803697411502975e-17 -1 \n1 0 -0.70710678118654791 1 0 \n1 0 -14.000000596046448 1 0 \n1 39.000000596046448 0.35355339059334912 3.9087290701786337e-15 -1 \n1 1.0000000000000036 0.35355339059327384 -1.1871220487378128e-15 -1 \n1 0 -0.70710678118654791 1 0 \n1 0 -14.000000596046448 1 0 \n1 39.000000596046434 0.35355339059332147 2.5626551897101364e-15 -1 \n1 1.0000000000000036 0.35355339059327251 -1.2499257461493188e-15 -1 \n1 0 -0.70710678118654968 1 0 \n1 0 -14.000000596046448 1 0 \n1 39.000000596046448 0.35355339059324864 -1.3460738804684955e-15 -1 \n1 0.99999999999999867 0 -3.8459253727671188e-16 1 \n1 2.164934898019056e-15 1.2247448713915885 1 -9.1973886811722665e-17 \n1 0 -0.70710678118654791 1 0 \n1 1 0 0 -1 \n1 0 -0.70710678118654791 1 0 \n1 39.000000596046448 0 0 -1 \n1 0.99999999999999911 0 -8.6533320887260359e-16 1 \n1 -7.2164496600635007e-16 1.2247448713915876 1 -1.5143009409512059e-16 \n1 1.0000000000000004 0 -8.6533320887260419e-16 1 \n1 -7.7715611723760978e-16 1.2247448713915894 1 -9.5918942863863356e-17 \n1 0 0.70710678118654791 1 0 \n1 39.000000596046448 0 0 -1 \n1 0 0.70710678118654613 1 0 \n1 1 0 0 -1 \n1 0 0.70710678118654613 1 0 \n1 1 0 0 -1 \n1 0 -0.70710678118654791 1 0 \n1 39.000000596046448 0 0 -1 \n1 0.99999999999999933 0 3.8459253727671266e-16 1 \n1 3.3306690738754617e-16 1.2247448713915872 1 9.1973886811723577e-17 \n1 0 0.70710678118654791 1 0 \n1 1 0 0 -1 \n1 0 -0.70710678118654968 1 0 \n1 39.000000596046448 0 0 -1 \n1 14.000000596046441 -7.5364438016821212e-15 1.2499257461493127e-15 1 \n1 -6.3005156647477705e-15 1.2247448713915965 1 -2.1359375981808325e-17 \n1 14.000000596046434 -1.0048591735576161e-14 1.2499257461493159e-15 1 \n1 -1.1352030426792241e-14 1.2247448713915992 1 -2.1359375981812269e-17 \n1 14.000000596046444 -1.0048591735576161e-14 1.3460738804684955e-15 1 \n1 -1.1379786002407859e-14 1.224744871391592 1 -9.9863998916002642e-17 \n1 14.000000596046434 5.0242958677880805e-15 -1.2499257461493145e-15 1 \n1 6.21724893790089e-15 1.2247448713915978 1 2.1359375981810303e-17 \nCurves 62\n1 -0.18475181170713678 9.7228724314509183 15.000000596046448 -0 -0 -1 \n2 -0.18475181170713739 -0.27712771756069277 1 0 0 1 0 -1 0 1 0 -0 10.000000149011612\n2 -0.18475181170713739 -0.27712771756069277 14.000000596046448 0 0 1 0 -1 0 1 0 -0 10.000000149011612\n1 -0.184751811707138 -10.277127866572306 15.000000596046448 -0 -0 -1 \n2 -0.18475181170713739 -0.27712771756069454 1 0 0 1 0 1 -0 -1 0 0 10.000000149011612\n2 -0.18475181170713739 -0.27712771756069454 14.000000596046448 0 0 1 0 1 0 -1 0 0 10.000000149011612\n1 -0.18475181170713739 -10.277127866572304 1 0 -0.70710678118654757 -0.70710678118654746 \n2 -0.18475181170713739 -0.27712771756069277 0 0 0 1 0 -1 0 1 0 -0 11.000000149011612\n1 -0.18475181170713617 9.7228724314509201 1 8.6595605623549341e-17 0.70710678118654757 -0.70710678118654746 \n1 -0.18475181170713739 -10.277127866572304 14.000000596046448 -0 0.70710678118654757 -0.70710678118654746 \n2 -0.18475181170713739 -0.27712771756069277 15.000000596046448 0 0 1 0 -1 0 1 0 -0 11.000000149011612\n1 -0.18475181170713617 9.7228724314509201 14.000000596046448 -8.6595605623549341e-17 -0.70710678118654757 -0.70710678118654746 \n2 -0.18475181170713739 -0.27712771756069454 0 0 0 1 0 1 -0 -1 0 0 11.000000149011612\n2 -0.18475181170713739 -0.27712771756069454 15.000000596046448 0 0 1 0 1 0 -1 0 0 11.000000149011612\n1 18.815248486316086 -20.277128015583916 0 0 1 0 \n1 -20.184752109730361 -19.277128015583912 0 1 -8.8817840646523565e-17 0 \n1 19.815248486316086 18.722872580462528 0 -1 8.8817840646523565e-17 0 \n1 -19.184752109730361 19.722872580462532 0 0 -1 0 \n1 18.815248486316086 -20.277128015583916 15.000000596046448 0 1 0 \n1 -20.184752109730361 -19.277128015583912 15.000000596046448 1 -8.8817840646523565e-17 0 \n1 19.815248486316086 18.722872580462528 15.000000596046448 -1 8.8817840646523565e-17 0 \n1 -19.184752109730361 19.722872580462532 15.000000596046448 0 -1 0 \n8 -0.35355339059327401 1.0606601717798219\n1 19.065248486316086 -19.277128015583919 0.25000000000000139 0.70710678118654757 -2.2114070893411019e-15 0.70710678118654757 \n1 19.815248486316086 -20.277128015583916 1 0 1 0 \n8 -0.35355339059328311 1.0606601717798125\n1 19.065248486316094 18.722872580462536 0.25000000000000711 0.70710678118654757 -4.8074067159589132e-16 0.70710678118654757 \n8 -0.3535533905932734 1.0606601717798227\n1 -19.184752109730361 -19.527128015583912 0.2499999999999995 9.6148134319178129e-17 -0.70710678118654757 0.70710678118654757 \n1 -20.184752109730361 -20.277128015583912 1 1 -8.8817840646523565e-17 0 \n8 -0.35355339059322244 1.0606601717798756\n1 18.815248486316079 -19.527128015583877 0.24999999999996414 2.5959996266178141e-15 -0.70710678118654757 0.70710678118654757 \n8 -0.35355339059327306 1.0606601717798216\n1 18.815248486316086 18.972872580462528 0.24999999999999997 3.8459253727671257e-16 0.70710678118654757 0.70710678118654757 \n1 19.815248486316086 19.722872580462528 1 -1 8.8817840646523565e-17 0 \n8 -0.35355339059325969 1.0606601717798347\n1 -19.184752109730354 18.972872580462521 0.24999999999999295 -5.7688880591506919e-16 0.70710678118654757 0.70710678118654757 \n8 -0.35355339059327295 1.0606601717798219\n1 -19.434752109730361 18.722872580462528 0.25000000000000033 -0.70710678118654757 1.922962686383565e-16 0.70710678118654757 \n1 -20.184752109730361 19.722872580462532 1 0 -1 0 \n8 -0.35355339059329294 1.0606601717798032\n1 -19.434752109730375 -19.277128015583912 0.25000000000001343 -0.70710678118654757 9.6148134319178245e-16 0.70710678118654757 \n8 -0.35355339059327373 1.0606601717798201\n1 19.065248486316086 -19.277128015583912 14.750000596046446 0.70710678118654757 -2.5959996266178177e-15 -0.70710678118654757 \n1 19.815248486316086 -20.277128015583916 14.000000596046448 0 1 0 \n8 -0.35355339059327251 1.0606601717798214\n1 19.065248486316086 18.7228725804625 14.750000596046448 0.70710678118654757 0 -0.70710678118654757 \n8 -0.35355339059327373 1.0606601717798212\n1 -19.184752109730361 -19.527128015583912 14.750000596046448 -0 -0.70710678118654757 -0.70710678118654757 \n1 -20.184752109730361 -20.277128015583912 14.000000596046448 1 -8.8817840646523565e-17 0 \n8 -0.35355339059319962 1.0606601717798965\n1 18.815248486316086 -19.527128015583862 14.750000596046501 3.8459253727671314e-15 -0.70710678118654757 -0.70710678118654757 \n8 -0.35355339059327251 1.0606601717798214\n1 18.815248486316083 18.972872580462528 14.750000596046448 1.2499257461493161e-15 0.70710678118654757 -0.70710678118654757 \n1 19.815248486316086 19.722872580462528 14.000000596046448 -1 8.8817840646523565e-17 0 \n8 -0.35355339059322349 1.0606601717798689\n1 -19.184752109730344 18.972872580462496 14.75000059604648 -2.4998514922986337e-15 0.70710678118654757 -0.70710678118654757 \n8 -0.35355339059327251 1.0606601717798214\n1 -19.434752109730361 18.722872580462528 14.750000596046446 -0.70710678118654757 1.249925746149319e-15 -0.70710678118654757 \n1 -20.184752109730361 19.722872580462532 14.000000596046448 0 -1 0 \n8 -0.35355339059329888 1.0606601717797985\n1 -19.434752109730379 -19.277128015583912 14.75000059604643 -0.70710678118654757 1.3460738804684957e-15 -0.70710678118654757 \n8 -0.70710678118654757 0.70710678118654757\n1 19.315248486316086 -19.777128015583916 0.99999999999999867 -0.70710678118654757 -0.70710678118654757 -3.8459253727671197e-16 \n1 19.815248486316086 -19.277128015583916 0 0 0 1 \n1 19.815248486316086 18.722872580462528 0 0 0 1 \n8 -0.70710678118654757 0.70710678118654757\n1 19.315248486316086 19.222872580462528 0.99999999999999911 -0.70710678118654757 0.70710678118654757 -8.6533320887260379e-16 \n8 -0.70710678118654746 0.70710678118654746\n1 -19.684752109730361 -19.777128015583912 1.0000000000000004 0.70710678118654757 -0.70710678118654757 -8.6533320887260428e-16 \n1 18.815248486316086 -20.277128015583916 0 0 0 1 \n1 -19.184752109730361 -20.277128015583912 0 0 0 1 \n1 18.815248486316086 19.722872580462528 0 0 0 1 \n1 -19.184752109730361 19.722872580462532 0 0 0 1 \n8 -0.70710678118654746 0.70710678118654746\n1 -19.684752109730361 19.222872580462532 0.99999999999999933 -0.70710678118654757 -0.70710678118654757 3.8459253727671271e-16 \n1 -20.184752109730361 18.722872580462532 0 0 0 1 \n1 -20.184752109730361 -19.277128015583912 0 0 0 1 \n8 -0.70710678118653991 0.70710678118655501\n1 19.315248486316094 -19.777128015583912 14.000000596046441 -0.70710678118654757 -0.70710678118654757 1.2499257461493129e-15 \n8 -0.70710678118653747 0.70710678118655768\n1 19.315248486316094 19.222872580462521 14.000000596046434 -0.70710678118654757 0.70710678118654757 1.2499257461493161e-15 \n8 -0.70710678118653736 0.70710678118655756\n1 -19.684752109730368 -19.777128015583905 14.000000596046444 0.70710678118654757 -0.70710678118654757 1.3460738804684957e-15 \n8 -0.70710678118655246 0.70710678118654247\n1 -19.684752109730365 19.222872580462528 14.000000596046434 -0.70710678118654757 -0.70710678118654757 -1.2499257461493147e-15 \nPolygon3D 0\nPolygonOnTriangulations 0\nSurfaces 31\n2 -0.18475181170713739 -0.27712771756069277 15.000000596046448 0 0 1 0 -1 0 1 0 -0 10.000000149011612\n2 -0.18475181170713739 -0.27712771756069454 15.000000596046448 0 -0 1 0 1 0 -1 0 0 10.000000149011612\n3 -0.18475181170713739 -0.27712771756069277 1 -0 -0 -1 0 -1 0 1 -0 -0 10.000000149011612\n0.78539816339744839\n3 -0.18475181170713739 -0.27712771756069277 14.000000596046448 -0 -0 -1 0 -1 0 1 -0 -0 10.000000149011612\n-0.78539816339744839\n3 -0.18475181170713739 -0.27712771756069454 1 -0 -0 -1 0 1 -0 -1 0 -0 10.000000149011612\n0.78539816339744839\n3 -0.18475181170713739 -0.27712771756069454 14.000000596046448 -0 -0 -1 0 1 -0 -1 0 -0 10.000000149011612\n-0.78539816339744839\n1 -0.18475181170713895 -0.27712771756069188 0 0 0 1 1 0 -0 -0 1 0 \n1 19.315248486316086 -20.277128015583916 0.5 0.70710678118654757 0 -0.70710678118654757 0 1 0 -0.70710678118654757 0 -0.70710678118654757 \n1 -20.184752109730361 -19.777128015583912 0.5 0 -0.70710678118654757 -0.70710678118654757 1 -4.4408920323261758e-17 4.4408920323261758e-17 6.2803697411502951e-17 0.70710678118654757 -0.70710678118654757 \n1 19.815248486316086 19.222872580462528 0.5 0 0.70710678118654757 -0.70710678118654757 -1 4.4408920323261758e-17 4.4408920323261758e-17 -6.2803697411502951e-17 -0.70710678118654757 -0.70710678118654757 \n1 -19.684752109730361 19.722872580462532 0.5 -0.70710678118654757 0 -0.70710678118654757 0 -1 -0 0.70710678118654757 0 -0.70710678118654757 \n1 19.315248486316086 -20.277128015583916 14.500000596046448 -0.70710678118654757 0 -0.70710678118654757 0 1 0 -0.70710678118654757 -0 0.70710678118654757 \n1 -20.184752109730361 -19.777128015583912 14.500000596046448 0 0.70710678118654757 -0.70710678118654757 1 -4.4408920323261758e-17 -4.4408920323261758e-17 6.2803697411502951e-17 0.70710678118654757 0.70710678118654757 \n1 19.815248486316086 19.222872580462528 14.500000596046448 0 -0.70710678118654757 -0.70710678118654757 -1 4.4408920323261758e-17 -4.4408920323261758e-17 -6.2803697411502951e-17 -0.70710678118654757 0.70710678118654757 \n1 -19.684752109730361 19.722872580462532 14.500000596046448 0.70710678118654757 0 -0.70710678118654757 0 -1 0 0.70710678118654757 0 0.70710678118654757 \n1 19.815248486316086 -20.277128015583916 0 -1 0 0 0 1 0 0 0 -1 \n1 -20.184752109730361 -20.277128015583912 0 8.8817840646523565e-17 1 -0 1 -8.8817840646523565e-17 0 0 -0 -1 \n1 19.815248486316086 19.722872580462528 0 -8.8817840646523565e-17 -1 0 -1 8.8817840646523565e-17 0 -0 0 -1 \n1 -20.184752109730361 19.722872580462532 0 1 0 -0 0 -1 0 0 -0 -1 \n1 18.815248486316086 -19.277128015583912 1.1712852913104126e-15 -0.57735026918962529 0.57735026918962495 0.57735026918962706 -0.70710678118654746 -0.70710678118654757 -3.0531133177191805e-16 0.40824829046386379 -0.40824829046386407 0.81649658092772515 \n1 19.315248486316086 -19.777128015583916 0 0.70710678118654757 -0.70710678118654757 0 0 0 1 -0.70710678118654757 -0.70710678118654757 0 \n1 19.315248486316086 19.222872580462528 0 0.70710678118654757 0.70710678118654757 0 0 -0 1 -0.70710678118654757 0.70710678118654757 0 \n1 18.815248486316086 18.722872580462528 9.6589403109301398e-16 0.57735026918962618 0.57735026918962551 -0.57735026918962584 -0.70710678118654768 0.70710678118654768 -8.0491169285323829e-16 0.40824829046386263 0.40824829046386352 0.81649658092772603 \n1 -19.184752109730361 -19.277128015583912 3.2751579193354897e-16 -0.57735026918962629 -0.57735026918962562 -0.57735026918962551 0.70710678118654757 -0.70710678118654757 -8.0491169285323829e-16 -0.40824829046386241 -0.40824829046386329 0.81649658092772637 \n1 -19.684752109730361 -19.777128015583912 0 -0.70710678118654757 -0.70710678118654757 0 0 0 1 0.70710678118654757 -0.70710678118654757 -0 \n1 -19.684752109730361 19.222872580462532 0 -0.70710678118654757 0.70710678118654757 0 0 0 1 -0.70710678118654757 -0.70710678118654757 0 \n1 -19.184752109730361 18.722872580462532 1.8041124150158794e-15 -0.57735026918962584 0.57735026918962551 -0.57735026918962595 -0.70710678118654746 -0.70710678118654757 3.0531133177191805e-16 -0.40824829046386307 0.40824829046386335 0.81649658092772592 \n1 18.815248486316086 -19.277128015583912 15.000000596046446 0.5773502691896254 -0.5773502691896244 0.57735026918962751 -0.70710678118654757 -0.70710678118654757 1.2212453270876722e-15 0.40824829046386357 -0.40824829046386502 -0.81649658092772492 \n1 18.815248486316086 18.722872580462528 15.000000596046446 -0.57735026918962606 -0.57735026918962506 -0.57735026918962606 -0.70710678118654757 0.70710678118654757 1.2490009027033013e-15 0.40824829046386252 0.40824829046386396 -0.81649658092772581 \n1 -19.184752109730361 -19.277128015583912 15.000000596046448 0.57735026918962651 0.5773502691896254 -0.5773502691896254 0.70710678118654746 -0.70710678118654757 1.2490009027033011e-15 -0.40824829046386207 -0.40824829046386346 -0.81649658092772626 \n1 -19.184752109730361 18.722872580462532 15.000000596046444 0.57735026918962584 -0.57735026918962484 -0.57735026918962684 -0.70710678118654768 -0.70710678118654757 -1.221245327087672e-15 -0.40824829046386296 0.40824829046386446 -0.81649658092772537 \nTriangulations 0\n\nTShapes 163\nVe\n1.00000001878378e-07\n-0.184751811707136 9.72287243145092 1\n0 0\n\n0101101\n*\nVe\n1.00000001878378e-07\n-0.184751811707136 9.72287243145092 14.0000005960464\n0 0\n\n0101101\n*\nEd\n 1.00000001878378e-07 1 1 0\n1  1 0 1 14.0000005960464\n2  1 1 0 1 14.0000005960464\n2  2 2 0 1 14.0000005960464\n4 C2 1 0 2 0\n0\n\n0101000\n-163 0 +162 0 *\nVe\n1.00000001878378e-07\n-0.184751811707137 -10.2771278665723 1\n0 0\n\n0101101\n*\nEd\n 1e-07 1 1 0\n1  2 0 0 3.14159265358979\n2  3 3 0 0 3.14159265358979\n2  4 1 0 0 3.14159265358979\n0\n\n0101000\n+160 0 -163 0 *\nVe\n1.00000001878378e-07\n-0.184751811707137 -10.2771278665723 14.0000005960464\n0 0\n\n0101101\n*\nEd\n 1e-07 1 1 0\n1  3 0 0 3.14159265358979\n2  5 4 0 0 3.14159265358979\n2  6 1 0 0 3.14159265358979\n0\n\n0101000\n+158 0 -162 0 *\nEd\n 1.00000001878378e-07 1 1 0\n1  4 0 1 14.0000005960464\n2  7 1 0 1 14.0000005960464\n2  8 2 0 1 14.0000005960464\n4 C2 1 0 2 0\n0\n\n0101000\n-160 0 +158 0 *\nWi\n\n0101100\n-161 0 +159 0 -157 0 +156 0 *\nFa\n0  1e-07 1 0\n\n0101000\n+155 0 *\nEd\n 1e-07 1 1 0\n1  5 0 0 3.14159265358979\n2  9 5 0 0 3.14159265358979\n2  10 2 0 0 3.14159265358979\n0\n\n0101000\n+163 0 -160 0 *\nEd\n 1e-07 1 1 0\n1  6 0 0 3.14159265358979\n2  11 6 0 0 3.14159265358979\n2  12 2 0 0 3.14159265358979\n0\n\n0101000\n+162 0 -158 0 *\nWi\n\n0101100\n-156 0 +153 0 -152 0 +161 0 *\nFa\n0  1e-07 2 0\n\n0101000\n+151 0 *\nVe\n1e-07\n-0.184751811707137 -11.2771278665723 0\n0 0\n\n0101101\n*\nEd\n 1e-07 1 1 0\n1  7 0 0 1.4142135623731\n2  13 3 0 0 1.4142135623731\n2  14 5 0 0 1.4142135623731\n4 G1 3 0 5 0\n0\n\n0101000\n+160 0 -149 0 *\nVe\n1e-07\n-0.184751811707136 10.7228724314509 0\n0 0\n\n0101101\n*\nEd\n 1e-07 1 1 0\n1  8 0 0 3.14159265358979\n2  15 3 0 0 3.14159265358979\n2  16 7 0 0 3.14159265358979\n0\n\n0101000\n+149 0 -147 0 *\nEd\n 1e-07 1 1 0\n1  9 0 0 1.4142135623731\n2  17 3 0 0 1.4142135623731\n2  18 5 0 0 1.4142135623731\n4 G1 3 0 5 0\n0\n\n0101000\n+163 0 -147 0 *\nWi\n\n0101100\n-148 0 +159 0 -146 0 +145 0 *\nFa\n0  0 3 0\n\n0101000\n+144 0 *\nVe\n1e-07\n-0.184751811707137 -11.2771278665723 15.0000005960464\n0 0\n\n0101101\n*\nEd\n 1e-07 1 1 0\n1  10 0 -1.4142135623731 0\n2  19 4 0 -1.4142135623731 0\n2  20 6 0 -1.4142135623731 0\n4 G1 4 0 6 0\n0\n\n0101000\n+142 0 -158 0 *\nVe\n1e-07\n-0.184751811707136 10.7228724314509 15.0000005960464\n0 0\n\n0101101\n*\nEd\n 1e-07 1 1 0\n1  11 0 0 3.14159265358979\n2  21 4 0 0 3.14159265358979\n2  22 7 1 0 3.14159265358979\n0\n\n0101000\n+142 0 -140 0 *\nEd\n 1e-07 1 1 0\n1  12 0 -1.4142135623731 0\n2  23 4 0 -1.4142135623731 0\n2  24 6 0 -1.4142135623731 0\n4 G1 4 0 6 0\n0\n\n0101000\n+140 0 -162 0 *\nWi\n\n0101100\n-141 0 +139 0 -157 0 +138 0 *\nFa\n0  0 4 0\n\n0101000\n+137 0 *\nEd\n 1e-07 1 1 0\n1  13 0 0 3.14159265358979\n2  25 5 0 0 3.14159265358979\n2  26 7 0 0 3.14159265358979\n0\n\n0101000\n+147 0 -149 0 *\nWi\n\n0101100\n-145 0 +153 0 -135 0 +148 0 *\nFa\n0  0 5 0\n\n0101000\n+134 0 *\nEd\n 1e-07 1 1 0\n1  14 0 0 3.14159265358979\n2  27 6 0 0 3.14159265358979\n2  28 7 1 0 3.14159265358979\n0\n\n0101000\n+140 0 -142 0 *\nWi\n\n0101100\n-138 0 +132 0 -152 0 +141 0 *\nFa\n0  0 6 0\n\n0101000\n+131 0 *\nWi\n\n0101100\n-146 0 -135 0 *\nVe\n0.0001\n18.8152484863161 -19.2771280155839 1.17128529131041e-15\n0 0\n\n0101101\n*\nVe\n0.0001\n18.8152484863161 18.7228725804625 9.65894031093014e-16\n0 0\n\n0101101\n*\nEd\n 1e-07 1 1 0\n1  15 0 1 39.0000005960464\n2  29 8 0 1 39.0000005960464\n2  30 7 0 1 39.0000005960464\n0\n\n0101000\n+128 0 -127 0 *\nVe\n0.0001\n-19.1847521097304 -19.2771280155839 3.27515791933549e-16\n0 0\n\n0101101\n*\nEd\n 1e-07 1 1 0\n1  16 0 1 39.0000005960464\n2  31 9 0 1 39.0000005960464\n2  32 7 0 1 39.0000005960464\n0\n\n0101000\n+125 0 -128 0 *\nVe\n0.0001\n-19.1847521097304 18.7228725804625 1.80411241501588e-15\n0 0\n\n0101101\n*\nEd\n 1e-07 1 1 0\n1  17 0 1 39.0000005960464\n2  33 10 0 1 39.0000005960464\n2  34 7 0 1 39.0000005960464\n0\n\n0101000\n+127 0 -123 0 *\nEd\n 1e-07 1 1 0\n1  18 0 1 39.0000005960464\n2  35 11 0 1 39.0000005960464\n2  36 7 0 1 39.0000005960464\n0\n\n0101000\n+123 0 -125 0 *\nWi\n\n0101100\n+126 0 +124 0 +122 0 +121 0 *\nFa\n0  1e-07 7 0\n\n0101000\n+129 0 +120 0 *\nWi\n\n0101100\n-139 0 -132 0 *\nVe\n0.0001\n18.8152484863161 -19.2771280155839 15.0000005960464\n0 0\n\n0101101\n*\nVe\n0.0001\n18.8152484863161 18.7228725804625 15.0000005960464\n0 0\n\n0101101\n*\nEd\n 1e-07 1 1 0\n1  19 0 1 39.0000005960464\n2  37 12 0 1 39.0000005960464\n2  38 7 1 1 39.0000005960464\n0\n\n0101000\n+117 0 -116 0 *\nVe\n0.0001\n-19.1847521097304 -19.2771280155839 15.0000005960464\n0 0\n\n0101101\n*\nEd\n 1e-07 1 1 0\n1  20 0 1 39.0000005960464\n2  39 13 0 1 39.0000005960464\n2  40 7 1 1 39.0000005960464\n0\n\n0101000\n+114 0 -117 0 *\nVe\n0.0001\n-19.1847521097304 18.7228725804625 15.0000005960464\n0 0\n\n0101101\n*\nEd\n 1e-07 1 1 0\n1  21 0 1 39.0000005960464\n2  41 14 0 1 39.0000005960464\n2  42 7 1 1 39.0000005960464\n0\n\n0101000\n+116 0 -112 0 *\nEd\n 1e-07 1 1 0\n1  22 0 1 39.0000005960464\n2  43 15 0 1 39.0000005960464\n2  44 7 1 1 39.0000005960464\n0\n\n0101000\n+112 0 -114 0 *\nWi\n\n0101100\n+115 0 +113 0 +111 0 +110 0 *\nFa\n0  1e-07 7 1\n\n0101000\n+118 0 +109 0 *\nVe\n0.0001\n19.8152484863161 -19.2771280155839 1\n0 0\n\n0101101\n*\nEd\n 1e-07 1 1 0\n1  23 0 -0.353553390593274 1.06066017177982\n2  45 8 0 -0.353553390593274 1.06066017177982\n0\n\n0101000\n+128 0 -107 0 *\nVe\n0.0001\n19.8152484863161 18.7228725804625 1\n0 0\n\n0101101\n*\nEd\n 1e-07 1 1 0\n1  24 0 1 39.0000005960464\n2  46 8 0 1 39.0000005960464\n2  47 16 0 1 39.0000005960464\n0\n\n0101000\n+107 0 -105 0 *\nEd\n 1e-07 1 1 0\n1  25 0 -0.353553390593283 1.06066017177981\n2  48 8 0 -0.353553390593283 1.06066017177981\n0\n\n0101000\n+127 0 -105 0 *\nWi\n\n0101100\n+106 0 -126 0 +104 0 -103 0 *\nFa\n0  0 8 0\n\n0101000\n+102 0 *\nVe\n0.0001\n-19.1847521097304 -20.2771280155839 1\n0 0\n\n0101101\n*\nEd\n 1e-07 1 1 0\n1  26 0 -0.353553390593273 1.06066017177982\n2  49 9 0 -0.353553390593273 1.06066017177982\n0\n\n0101000\n+125 0 -100 0 *\nVe\n0.0001\n18.8152484863161 -20.2771280155839 1\n0 0\n\n0101101\n*\nEd\n 1e-07 1 1 0\n1  27 0 1 39.0000005960464\n2  50 9 0 1 39.0000005960464\n2  51 17 0 1 39.0000005960464\n0\n\n0101000\n+100 0 -98 0 *\nEd\n 1e-07 1 1 0\n1  28 0 -0.353553390593222 1.06066017177988\n2  52 9 0 -0.353553390593222 1.06066017177988\n0\n\n0101000\n+128 0 -98 0 *\nWi\n\n0101100\n+99 0 -124 0 +97 0 -96 0 *\nFa\n0  0 9 0\n\n0101000\n+95 0 *\nVe\n0.0001\n18.8152484863161 19.7228725804625 1\n0 0\n\n0101101\n*\nEd\n 1e-07 1 1 0\n1  29 0 -0.353553390593273 1.06066017177982\n2  53 10 0 -0.353553390593273 1.06066017177982\n0\n\n0101000\n+127 0 -93 0 *\nVe\n0.0001\n-19.1847521097304 19.7228725804625 1\n0 0\n\n0101101\n*\nEd\n 1e-07 1 1 0\n1  30 0 1 39.0000005960464\n2  54 10 0 1 39.0000005960464\n2  55 18 0 1 39.0000005960464\n0\n\n0101000\n+93 0 -91 0 *\nEd\n 1e-07 1 1 0\n1  31 0 -0.35355339059326 1.06066017177983\n2  56 10 0 -0.35355339059326 1.06066017177983\n0\n\n0101000\n+123 0 -91 0 *\nWi\n\n0101100\n+92 0 -122 0 +90 0 -89 0 *\nFa\n0  0 10 0\n\n0101000\n+88 0 *\nVe\n0.0001\n-20.1847521097304 18.7228725804625 1\n0 0\n\n0101101\n*\nEd\n 1e-07 1 1 0\n1  32 0 -0.353553390593273 1.06066017177982\n2  57 11 0 -0.353553390593273 1.06066017177982\n0\n\n0101000\n+123 0 -86 0 *\nVe\n0.0001\n-20.1847521097304 -19.2771280155839 1\n0 0\n\n0101101\n*\nEd\n 1e-07 1 1 0\n1  33 0 1 39.0000005960464\n2  58 11 0 1 39.0000005960464\n2  59 19 0 1 39.0000005960464\n0\n\n0101000\n+86 0 -84 0 *\nEd\n 1e-07 1 1 0\n1  34 0 -0.353553390593293 1.0606601717798\n2  60 11 0 -0.353553390593293 1.0606601717798\n0\n\n0101000\n+125 0 -84 0 *\nWi\n\n0101100\n+85 0 -121 0 +83 0 -82 0 *\nFa\n0  0 11 0\n\n0101000\n+81 0 *\nVe\n0.0001\n19.8152484863161 -19.2771280155839 14.0000005960464\n0 0\n\n0101101\n*\nEd\n 1e-07 1 1 0\n1  35 0 -0.353553390593274 1.06066017177982\n2  61 12 0 -0.353553390593274 1.06066017177982\n0\n\n0101000\n+117 0 -79 0 *\nVe\n0.0001\n19.8152484863161 18.7228725804625 14.0000005960464\n0 0\n\n0101101\n*\nEd\n 1e-07 1 1 0\n1  36 0 1 39.0000005960464\n2  62 12 0 1 39.0000005960464\n2  63 16 0 1 39.0000005960464\n0\n\n0101000\n+79 0 -77 0 *\nEd\n 1e-07 1 1 0\n1  37 0 -0.353553390593273 1.06066017177982\n2  64 12 0 -0.353553390593273 1.06066017177982\n0\n\n0101000\n+116 0 -77 0 *\nWi\n\n0101100\n+78 0 -115 0 +76 0 -75 0 *\nFa\n0  0 12 0\n\n0101000\n+74 0 *\nVe\n0.0001\n-19.1847521097304 -20.2771280155839 14.0000005960464\n0 0\n\n0101101\n*\nEd\n 1e-07 1 1 0\n1  38 0 -0.353553390593274 1.06066017177982\n2  65 13 0 -0.353553390593274 1.06066017177982\n0\n\n0101000\n+114 0 -72 0 *\nVe\n0.0001\n18.8152484863161 -20.2771280155839 14.0000005960464\n0 0\n\n0101101\n*\nEd\n 1e-07 1 1 0\n1  39 0 1 39.0000005960464\n2  66 13 0 1 39.0000005960464\n2  67 17 0 1 39.0000005960464\n0\n\n0101000\n+72 0 -70 0 *\nEd\n 1e-07 1 1 0\n1  40 0 -0.3535533905932 1.0606601717799\n2  68 13 0 -0.3535533905932 1.0606601717799\n0\n\n0101000\n+117 0 -70 0 *\nWi\n\n0101100\n+71 0 -113 0 +69 0 -68 0 *\nFa\n0  0 13 0\n\n0101000\n+67 0 *\nVe\n0.0001\n18.8152484863161 19.7228725804625 14.0000005960464\n0 0\n\n0101101\n*\nEd\n 1e-07 1 1 0\n1  41 0 -0.353553390593273 1.06066017177982\n2  69 14 0 -0.353553390593273 1.06066017177982\n0\n\n0101000\n+116 0 -65 0 *\nVe\n0.0001\n-19.1847521097304 19.7228725804625 14.0000005960464\n0 0\n\n0101101\n*\nEd\n 1e-07 1 1 0\n1  42 0 1 39.0000005960464\n2  70 14 0 1 39.0000005960464\n2  71 18 0 1 39.0000005960464\n0\n\n0101000\n+65 0 -63 0 *\nEd\n 1e-07 1 1 0\n1  43 0 -0.353553390593223 1.06066017177987\n2  72 14 0 -0.353553390593223 1.06066017177987\n0\n\n0101000\n+112 0 -63 0 *\nWi\n\n0101100\n+64 0 -111 0 +62 0 -61 0 *\nFa\n0  0 14 0\n\n0101000\n+60 0 *\nVe\n0.0001\n-20.1847521097304 18.7228725804625 14.0000005960464\n0 0\n\n0101101\n*\nEd\n 1e-07 1 1 0\n1  44 0 -0.353553390593273 1.06066017177982\n2  73 15 0 -0.353553390593273 1.06066017177982\n0\n\n0101000\n+112 0 -58 0 *\nVe\n0.0001\n-20.1847521097304 -19.2771280155839 14.0000005960464\n0 0\n\n0101101\n*\nEd\n 1e-07 1 1 0\n1  45 0 1 39.0000005960464\n2  74 15 0 1 39.0000005960464\n2  75 19 0 1 39.0000005960464\n0\n\n0101000\n+58 0 -56 0 *\nEd\n 1e-07 1 1 0\n1  46 0 -0.353553390593299 1.0606601717798\n2  76 15 0 -0.353553390593299 1.0606601717798\n0\n\n0101000\n+114 0 -56 0 *\nWi\n\n0101100\n+57 0 -110 0 +55 0 -54 0 *\nFa\n0  0 15 0\n\n0101000\n+53 0 *\nEd\n 1e-07 1 1 0\n1  47 0 -0.707106781186548 0.707106781186548\n2  77 21 0 -0.707106781186548 0.707106781186548\n2  78 20 0 -0.707106781186548 0.707106781186548\n0\n\n0101000\n+107 0 -98 0 *\nWi\n\n0101100\n-106 0 +96 0 -51 0 *\nFa\n0  0 20 0\n\n0101000\n+50 0 *\nEd\n 1e-07 1 1 0\n1  48 0 1 14.0000005960464\n2  79 21 0 1 14.0000005960464\n2  80 16 0 1 14.0000005960464\n0\n\n0101000\n+107 0 -79 0 *\nEd\n 1e-07 1 1 0\n1  49 0 1 14.0000005960464\n2  81 22 0 1 14.0000005960464\n2  82 16 0 1 14.0000005960464\n0\n\n0101000\n+105 0 -77 0 *\nWi\n\n0101100\n+48 0 -104 0 +76 0 -47 0 *\nFa\n0  1e-07 16 0\n\n0101000\n+46 0 *\nEd\n 1e-07 1 1 0\n1  50 0 -0.707106781186548 0.707106781186548\n2  83 22 0 -0.707106781186548 0.707106781186548\n2  84 23 0 -0.707106781186548 0.707106781186548\n0\n\n0101000\n+105 0 -93 0 *\nWi\n\n0101100\n-103 0 +92 0 -44 0 *\nFa\n0  0 23 0\n\n0101000\n+43 0 *\nEd\n 1e-07 1 1 0\n1  51 0 -0.707106781186547 0.707106781186547\n2  85 25 0 -0.707106781186547 0.707106781186547\n2  86 24 0 -0.707106781186547 0.707106781186547\n0\n\n0101000\n+84 0 -100 0 *\nWi\n\n0101100\n-82 0 +99 0 -41 0 *\nFa\n0  0 24 0\n\n0101000\n+40 0 *\nEd\n 1e-07 1 1 0\n1  52 0 1 14.0000005960464\n2  87 21 0 1 14.0000005960464\n2  88 17 0 1 14.0000005960464\n0\n\n0101000\n+98 0 -70 0 *\nEd\n 1e-07 1 1 0\n1  53 0 1 14.0000005960464\n2  89 25 0 1 14.0000005960464\n2  90 17 0 1 14.0000005960464\n0\n\n0101000\n+100 0 -72 0 *\nWi\n\n0101100\n-38 0 -97 0 +69 0 +37 0 *\nFa\n0  1e-07 17 0\n\n0101000\n+36 0 *\nEd\n 1e-07 1 1 0\n1  54 0 1 14.0000005960464\n2  91 22 0 1 14.0000005960464\n2  92 18 0 1 14.0000005960464\n0\n\n0101000\n+93 0 -65 0 *\nEd\n 1e-07 1 1 0\n1  55 0 1 14.0000005960464\n2  93 26 0 1 14.0000005960464\n2  94 18 0 1 14.0000005960464\n0\n\n0101000\n+91 0 -63 0 *\nWi\n\n0101100\n+34 0 -90 0 +62 0 -33 0 *\nFa\n0  1e-07 18 0\n\n0101000\n+32 0 *\nEd\n 1e-07 1 1 0\n1  56 0 -0.707106781186547 0.707106781186547\n2  95 26 0 -0.707106781186547 0.707106781186547\n2  96 27 0 -0.707106781186547 0.707106781186547\n0\n\n0101000\n+91 0 -86 0 *\nWi\n\n0101100\n-89 0 +85 0 -30 0 *\nFa\n0  0 27 0\n\n0101000\n+29 0 *\nEd\n 1e-07 1 1 0\n1  57 0 1 14.0000005960464\n2  97 26 0 1 14.0000005960464\n2  98 19 0 1 14.0000005960464\n0\n\n0101000\n+86 0 -58 0 *\nEd\n 1e-07 1 1 0\n1  58 0 1 14.0000005960464\n2  99 25 0 1 14.0000005960464\n2  100 19 0 1 14.0000005960464\n0\n\n0101000\n+84 0 -56 0 *\nWi\n\n0101100\n+27 0 -83 0 +55 0 -26 0 *\nFa\n0  1e-07 19 0\n\n0101000\n+25 0 *\nEd\n 1e-07 1 1 0\n1  59 0 -0.70710678118654 0.707106781186555\n2  101 21 0 -0.70710678118654 0.707106781186555\n2  102 28 0 -0.70710678118654 0.707106781186555\n0\n\n0101000\n+79 0 -70 0 *\nWi\n\n0101100\n-78 0 +68 0 -23 0 *\nFa\n0  0 28 0\n\n0101000\n+22 0 *\nEd\n 1e-07 1 1 0\n1  60 0 -0.707106781186537 0.707106781186558\n2  103 22 0 -0.707106781186537 0.707106781186558\n2  104 29 0 -0.707106781186537 0.707106781186558\n0\n\n0101000\n+77 0 -65 0 *\nWi\n\n0101100\n-75 0 +64 0 -20 0 *\nFa\n0  0 29 0\n\n0101000\n+19 0 *\nEd\n 1e-07 1 1 0\n1  61 0 -0.707106781186537 0.707106781186558\n2  105 25 0 -0.707106781186537 0.707106781186558\n2  106 30 0 -0.707106781186537 0.707106781186558\n0\n\n0101000\n+56 0 -72 0 *\nWi\n\n0101100\n-54 0 +71 0 -17 0 *\nFa\n0  0 30 0\n\n0101000\n+16 0 *\nEd\n 1e-07 1 1 0\n1  62 0 -0.707106781186552 0.707106781186542\n2  107 26 0 -0.707106781186552 0.707106781186542\n2  108 31 0 -0.707106781186552 0.707106781186542\n0\n\n0101000\n+63 0 -58 0 *\nWi\n\n0101100\n-61 0 +57 0 -14 0 *\nFa\n0  0 31 0\n\n0101000\n+13 0 *\nWi\n\n0101100\n+48 0 -51 0 +23 0 -38 0 *\nFa\n0  0 21 0\n\n0101000\n+11 0 *\nWi\n\n0101100\n+47 0 -44 0 +20 0 -34 0 *\nFa\n0  0 22 0\n\n0101000\n+9 0 *\nWi\n\n0101100\n+26 0 -41 0 +17 0 -37 0 *\nFa\n0  0 25 0\n\n0101000\n+7 0 *\nWi\n\n0101100\n+33 0 -30 0 +14 0 -27 0 *\nFa\n0  0 26 0\n\n0101000\n+5 0 *\nSh\n\n0101100\n-154 0 -150 0 +143 0 +136 0 +133 0 +130 0 -119 0 +108 0 -101 0 -94 0 \n-87 0 -80 0 +73 0 +66 0 +59 0 +52 0 -49 0 -45 0 +42 0 +39 0 \n-35 0 -31 0 +28 0 -24 0 +21 0 -18 0 -15 0 -12 0 +10 0 -8 0 \n-6 0 -4 0 *\nSo\n\n0100000\n+3 0 *\nCo\n\n1100000\n+2 0 *\n\n+1 0 ",
      "material": 14,
      "name": "Chamfered shape",
      "type": "Chamfer"
    },
    {
